Webots Project File version R2022b
perspectives: 000000ff00000000fd00000002000000010000023c000003c6fc0200000001fb0000001400540065007800740045006400690074006f00720100000016000003c60000009d00ffffff000000030000078000000111fc0100000001fb0000001a0043006f006e0073006f006c00650041006c006c0041006c006c03fffffff40000032100000780000001110000053e000003c600000001000000020000000100000008fc00000000
simulationViewPerspectives: 000000ff0000000100000002000001b9000002d60100000006010000000100
sceneTreePerspectives: 000000ff000000010000000300000020000000c0000000fc0100000006010000000200
maximizedDockId: -1
centralWidgetVisible: 1
orthographicViewHeight: 1
textFiles: 0 "controllers/grocery_shopper/grocery_shopper.py"
consoles: Console:All:All
renderingDevicePerspectives: TIAGo Steel:camera;0;0.345833;0;0
renderingDevicePerspectives: TIAGo Steel:display;0;0.230556;0;0
